36.65077800000000252 40.72581600000000179
36.58917999999999893 40.74175699999999978
36.47820000000000107 40.77047900000000169
36.36717699999999809 40.79921099999999967
36.25832499999999925 40.83246499999999912
36.15264700000000175 40.87122899999999959
36.04252699999999976 40.90223100000000045
35.92703300000000155 40.91877900000000068
35.82485599999999692 40.96276600000000201
35.71663999999999817 40.99766600000000238
35.60588700000000273 41.02780200000000121
35.49972700000000003 41.06629800000000330
35.38751100000000349 41.09344800000000220
35.26965700000000226 41.09530099999999919
35.15179899999999691 41.09715400000000329
35.03414300000000026 41.10273099999999857
34.91674299999999675 41.11091499999999854
34.79932800000000270 41.11909899999999851
34.68270499999999856 41.10600000000000165
34.56629999999999825 41.12016899999999708
34.44846600000000336 41.12373099999999937
34.33725100000000197 41.09423199999999810
34.22046799999999678 41.08219900000000280
34.10370600000000252 41.07016899999999993
33.98696499999999787 41.05814099999999911
33.87024499999999705 41.04611599999999783
33.75464000000000198 41.02911999999999892
33.63947600000000193 41.01060400000000072
33.52434399999999926 40.99209299999999701
33.4092419999999990 40.973587000000001980
33.29417099999999863 40.95508600000000143
33.17913099999999815 40.93659000000000248
33.16117500000000007 40.94683500000000009
33.04777599999999893 40.92554799999999915
32.93209399999999931 40.91327100000000172
32.81728600000000284 40.89708300000000207
32.70446900000000312 40.87434499999999815
32.58922499999999900 40.86033100000000218
32.47577400000000125 40.83967499999999973
32.36116299999999768 40.82320599999999899
32.24591999999999814 40.80960999999999927
32.13165699999999703 40.79200800000000271
32.01928999999999803 40.76852199999999726
31.90634500000000173 40.74679400000000129
31.79167899999999847 40.73119899999999660
31.68414299999999884 40.69732499999999931
31.56979799999999869 40.68076899999999796
31.45774499999999918 40.65694100000000333
31.34714800000000068 40.62956700000000154